40157 10461
7644 53724
42690 15042
6106 11226
32168 61864
7038 28542
65156 53892
56936 37480
26614 7158
27070 32190
34540 56044
34761 37833
41712 14064
1053 28701
11705 6585
38209 57665
58952 47688
11644 24956
43332 32068
58513 45201
47705 42585
54500 43236
15811 35267
58908 55836
45353 40233
12381 7261
20867 23939
56045 9965
6544 3472
45514 58826
10175 5055
28478 33598
12855 15927
38254 2414
90 5210
58244 6020
11560 49448
57648 30000
59438 48174
25476 38788
6954 12074
1302 22806
55753 42441
58905 61977
8509 60733
36298 57802
15651 10531
1156 63620
62027 24139
8878 54958
6616 19928
13948 60028
6660 3588
21375 65407
766 5886
14423 42071
44662 57974
54081 40769
29991 41255
34814 7166
12184 58264
52285 22589
31450 28378
38643 755
15764 4500
29966 59662
58713 20825
17738 14666
28229 6725
37358 9710
55007 49887
62006 58934
62502 2086
46497 49569
20635 7323
12306 50194
11926 8854
32544 21280
18199 14698
63284 11060
5264 18576
12003 56035
36352 41472
25943 45399
9739 21003
26739 62579
48386 61698
14038 35542
10383 46223
2494 40382
30641 33713
26735 5231
19314 24434
42247 53511
20396 9132
42739 21235
3893 23349
22379 17259
30336 27264
57413 60485
6055 9127
44240 57552
7539 51571
3261 63677
48551 59815
24777 11465
61822 9598
36791 31671
50526 47454
61370 41914
57979 44667
50296 47224
20641 31905
58765 37261
28410 49914
9057 44897
4220 9340
51520 56640
11788 57868
64009 17929
61657 40153
17281 28545
27448 7992
52323 30819
8054 37750
26683 5179
48344 4312
63764 60692
44009 22505
20551 23623
19486 32798
35133 46397
16096 4832
11059 14131
53658 50586
39657 59113
16303 43951
11936 33440
32717 27597
62221 16141
33139 11635
50613 29109
31738 45050
3042 40930
25984 22912
12916 9844
28457 64297
50950 31494
15480 28792
968 38856
34489 29369
63751 42247
57050 13018
30032 35152
58390 30742
61746 25906
23185 42641
50373 37061
25282 38594
29281 32353
46276 35012
1879 62295
60960 8736
32527 60175
48278 53398
61271 56151
3537 39377
34219 20907
54198 39713
26404 31524
53007 64271
42466 6626
27199 30271
27832 8376
55339 9259
32871 52327
43295 13599
54620 59740
21479 32743
12811 40459
530 22034
2479 54703
30151 49607
36830 990
921 36761
3862 49942
40348 45468
33264 54768
12808 17928
20513 7201
15393 34849
51417 46297
34388 6740
36022 41142
24479 19359
55436 52364
43046 48166
58486 30838
52961 56033
51243 5163
56534 61654
61711 32015
4455 32103
55564 52492
25658 30778
9830 64102
29256 34376
59603 13523
21337 65369
50992 39728
41683 61139
15911 59943
63933 9661
34095 12591
29518 10062
45938 26482
60517 14437
11120 65392
29246 50750
21862 51558
23239 1735
15257 42905
59947 22059
36498 25234
40796 13148
11984 49872
56818 53746
22493 50141
23248 20176
2147 13411
21731 49379
61015 31319
5169 41009
2594 15906
53639 23943
36655 31535
61938 17906
21594 43098
35941 55397
17851 12731
39012 44132
181 44213
43676 7836
53037 56109
18224 6960
6008 19320
36740 58244
62147 65219
21819 49467
24756 62644
55107 835
6563 42403
10789 63013
47868 12028
58410 47146
60025 46713
24329 60169
27080 15816
47929 34617
43879 38759
29277 56925
61091 6819
20410 954
45303 48375
53563 15675
30957 58605
47102 35865
40704 62208
56470 61590
64425 18345
33995 28875
46318 51438
39631 9935
47786 44714
14169 857
15021 50861
3021 38861
138 13450
11513 6393
13764 51652
4758 26262
35709 22397
54262 34806
33908 6387
26148 39460
19678 8414
23200 3744
46718 19070
45734 42662
14440 19560
7280 53360
23597 18477
43840 16192
34055 12551
53012 25364
22337 33601
9782 14902
6172 27676
64691 10419
8964 22276
48115 42995
2517 21973
36576 58080
55914 44650
23795 2291
49020 13180
12878 26190
36117 39189
12423 40071
10384 56464
32346 53850
47539 42419
19140 24260
29372 42684
64593 34897
50280 14440
36162 41282
54351 32847
21991 16871
56137 51017
13015 7895
28298 41610
15096 28408
43444 23988
64071 34375
33226 30154
44521 6633
54766 43502
10422 15542
23361 1857
31296 20032
36570 25306
54790 27142
43851 46923
36726 17270
26318 47822
43502 24046
36460 25196
48448 12608
27738 57434
14153 17225
8891 20155
8106 21418
45799 65255
3780 8900
60731 22843
48944 37680
61403 7131
28092 33212
54297 25
61517 23629
4461 56685
63568 19536
13569 41217
59824 15792
45925 57189
21944 43448
56105 34601
18810 32122
25543 4039
15927 18999
23843 51491
12022 49910
6648 3576
62973 509
19295 38751
23741 2237
27469 38733
48663 43543
34876 31804
22854 36166
55313 25617
50146 30690
51611 30107
774 63238
15395 59427
64152 61080
6314 11434
36861 39933
50034 14194
64595 51283
27513 55161
29617 40881
40986 21530
2060 64524
42758 23302
28024 8568
51054 47982
3582 16894
8320 46208
46030 1998
56255 42943
22582 35894
46976 19328
40897 19393
65521 52209
51905 38593
11718 57798
55699 17811
11044 24356
12021 64245
32088 37208
272 5392
40731 2843
1125 45157
13566 43262
16610 54498
9068 55148
9498 47386
43565 22061
35958 34785
34461 45725
10903 54935
42073 36953
43691 22187
341 27989
65275 19195
53939 44326
63818 27978
18220 23340
7633 43473
25828 47332
57783 3511
25727 4223
65477 60357
27747 39011
22323 58163
7733 43573
13560 35064
8590 5518
21609 105
10887 30343
53943 16055
62852 10628
28355 23235
25289 52937
53526 58646
55623 50503
27593 63433
31833 18521
12122 58202
2149 21605
12913 65137
18588 31900
7338 53418
23310 36622
21791 8479
43938 24482
56653 51533
63909 42405
44481 31169
28934 42246
18904 15832
43838 24382
21577 24649
50563 29059
20642 50338
57574 5350
34799 37871
40793 35673
54419 57491
9635 12707
20900 26020
25370 22298
22321 41777
45317 7429
60730 314
26482 64370
64457 34761
24653 35917
12185 23449
30695 999
13165 24429
14075 41723
59870 15838
37513 56969
59016 31368
59281 5009
59496 64616
14655 42303
28944 34064
29299 65139
56370 45106
38866 11218
18388 64468
31720 20456
60893 6621
18848 56736
58323 61395
8579 11651
43681 46753
21461 49109
30158 2510
36539 31419
10615 38263
1505 4577
45127 48199
2892 24396
29920 43232
27300 32420
61139 47827
31664 4016
1096 30792
47566 19918
17101 36557
33705 4009
16040 45736
32461 51917
12500 17620
24636 29756
23275 50923
46291 24787
43134 15486
7309 26765
48429 18733
65471 19391
46403 49475
48067 18371
35473 22161
36639 31519
22967 58807
38875 987
10085 54117
61513 15433
5565 41405
36575 56031
39238 52550
15027 18099
1515 12779
3873 64289
48118 28662
28356 33476
31595 1899
6333 58557
25628 6172
848 46928
1062 6182
25805 61645
32452 37572
32303 10799
29972 18708
7682 53762
27456 65344
1929 6048
932 63396
62706 26866
35484 65180
49326 29870
54670 27022
44222 30937
60487 6215
58068 12627
41890 47010
43524 56836
21176 59064
63810 11586
7758 4686
1628 39516
16513 11393
32046 20782
8598 13718
54351 32847
62058 50794
42024 6184
966 21393
30143 57791
58736 47472
11151 55183
49334 29878
4455 32103
2130 15442
14931 26195
35201 30081
55851 34347
27340 32460
54589 33085
30112 18848
15109 34565
7492 61764
28184 57880
24487 2983
10353 54385
25120 5664
61349 39845
46317 8429
2897 38737
40425 51689
15481 10361
27094 48598
50020 12867
33036 54540
24359 27431
43836 65340
63183 41679
24864 21792
24521 11209
19319 22391
39137 42209
34798 48110
56671 10591
2333 29981
31407 34479
9164 6092
42425 29113
40009 10313
62864 2448
56290 61410
49343 44223
1368 63832
8317 3197
21979 33243
44148 116
33594 5946
12975 65199
35713 14209
20008 33320
48024 28568
65184 53920
60168 32520
1948 48028
44561 31249
33896 63592
23311 9999
4260 33956
26047 4543
57201 52081
44231 47303
55128 2904
7782 53862
14471 42119
1360 6480
39580 52892
45497 64953
65308 21276
6159 48562
16711 36167
50778 31322
35159 38231
2910 48990
44915 15219
17837 20909
720 5840
18842 56730
5149 16413
7496 4424
24493 11181
59018 31370
52143 6063
22611 1107
64036 11812
62543 41039
42118 39046
52909 39597
12494 25806
58468 22628
23878 4422
29424 34544
44555 55819
15392 53280
8936 14056
43816 48936
15655 2343
40355 27043
60661 63733
52857 14969
34544 23280
46009 8121
14150 2886
58788 31140
37163 15659
54730 18890
17679 61711
50488 22840
19995 14875
19010 32322
59817 5545
25691 12379
21014 42518
6687 34335
37217 15713
13860 43556
58542 14510
10011 13083
37647 7951
14162 52050
1205 12469
24171 42862
57155 35651
61180 8956
44317 55581
53715 24019
19474 16402
13290 18410
9385 4265
59135 62207
35911 47175
63032 2616
6719 42559
33150 62846
58347 53227
9959 4839
63225 17145
30715 33787
44389 55653
15740 12668
27025 30097
12725 23989
15319 26583
58402 38946
37699 48963
56159 42847
8135 3015
47471 34159
7291 26747
2644 40532
53320 33864
3365 63781
31498 36618
15735 59767
40919 27607
41833 28521
36612 58116
61887 15807
10899 63123
36267 14763
51004 47932
28872 1224
17007 28271
5521 57745
49279 3199
22700 11436
15186 53074
48883 27379
6187 25643
35628 57132
30613 17301
12703 23967
60769 47457
37119 7423
14062 43758
26783 62623
29904 26832
61095 64167
60770 57698
11931 23195
10109 21373
28762 1114
43837 55101
32723 35795
27232 15968
26771 13459
42292 22836
29067 7563
44193 63649
41411 28099
63091 41587
49946 46874
62899 33203
60020 56948
23705 43161
63799 58679
59795 38291
43194 7354
13966 51465
13170 59250
29793 24673
38048 10400
24258 21186
48290 45218
35368 48680
53995 57067
38304 59808
8394 13514
43969 47041
13325 32781
19133 14013
30750 27678
21800 59688
11390 16510
55099 9019
33301 11797
43123 13427
61696 25856
7673 18937
7292 28796
40321 2433
22034 10770
57255 35751
65281 60161
16740 21860
21949 57789
12821 40469
53197 64461
4177 48209
21003 15883
5391 33039
29486 10030
42414 31150
22725 9413
63557 58437
44818 8978
25043 60883
51717 5637
61293 64365
22715 9403
34067 37139
42854 23398
1028 63492
56348 12316
8633 60857
54246 51174
7062 61334
37308 26044
53022 41758
20993 48641
59940 56868
8849 61073
403 28051
18688 56576
64308 3892
26160 64048
13694 43390
23662 53358
24746 5290
19257 5945
42641 21137
47269 9381
41558 13910
21980 10716
39508 11860
61898 9674
48987 2907
17483 20555
37395 40467
45628 34364
54408 43144
39761 42833
52188 49116
27584 32704
36880 9232
37239 7543
774 63238
6656 11776
37089 56545
53039 47919
19159 38615
4668 58940
63874 11650
28241 6737
25667 4163
11858 41554
6447 466
49372 62684
45540 17892
38136 54679
56941 60013
51587 30083
31417 50873
27230 32350
2763 38603
7007 59231
57341 27645
37321 24009
22113 25185
26402 56098
51266 23618
52705 47585
44853 31541
851 20307
59623 13543
47709 1629
17665 28929
25709 20589
57029 43717
30840 35960
5051 8123
9339 12411
31402 28330
60318 65438
24489 52137
24306 29426
31026 36146
45579 7691
3086 8206
45962 1930
28558 9102
61009 39505
12554 34058
52513 6433
30402 2754
59531 21643
64722 61650
43659 38539
18550 64630
30808 11352
15742 29054
50724 31268
38608 2768
54844 43580
45749 65205
42016 6176
50123 12235
32062 28990
35401 13897
55977 50857
45657 32345
25241 3737
27923 6419
13270 18390
63924 28084
26296 39608
21857 49505
28743 31815
19036 65116
47807 26303
40943 52207
6012 43900
24158 37470
37374 42494
45730 26274
42202 47322
26830 23758
40240 53552
5709 25165
30583 25463
65513 60393
37816 10168
48861 27357
30538 27466
15408 36912
12191 23455
14236 11164
37327 32207
34187 37259
3349 6421
10314 23626
34525 62173
50208 47136
21577 24649
6116 19428
28069 55717
23069 42525
37276 50588
18336 48032
571 3643
51136 15296
14173 17245
17430 22550
41612 38540
64633 59513
13830 51718
21528 43032
6931 59155
58661 45349
39853 18349
6433 17697
8508 54588
56475 43163
30055 8551
51290 64602
58161 36657
11069 22333
55532 11500
19906 16834
2267 13531
58540 39084
64205 34509
7518 37214
23513 59353
26165 62005
19568 49264
15480 28792
26118 64006
51606 64918
16960 30272
31736 45048
32715 11211
39060 52372
20609 31873
46181 41061
13978 10906
20267 31531
1300 55572
17636 6372
50345 12457
43468 32204
27888 49392
9526 39222
12092 9020
2088 39976
55879 58951
10937 30393
63444 60372
11564 24876
59052 6828
56220 20380
19782 16710
37586 18130
60549 63621
12400 1136
26400 23328
51908 57028
19179 30443
22835 58675
41427 11731
63312 35664
25687 36951
57998 13966
30073 8569
30184 51688
30019 33091
48158 45086
6261 42101
46395 41275
64985 27097
55401 50281
24400 62288
5000 42888
7967 51999
57335 44023
44527 14831
12857 65081
60983 31287
7769 2649
